0,500
0,499
0,498
0,497
0,496
0,495
0,494
0,493
0,492
0,491
0,490
0,489
0,488
0,487
0,486
0,485
0,484
0,483
0,482
0,481
0,480
0,479
0,478
0,477
0,476
0,475
0,474
0,473
0,472
0,471
92,3
92,2
92,1
92,0
91,3
91,2
91,1
91,0
90,3
90,2
90,1
90,0
89,3
89,2
89,1
89,0
88,3
88,2
88,1
88,0
87,3
87,2
87,1
87,0
81,4
86,3
86,2
86,1
86,0
85,3
85,2
85,1
85,0
84,3
84,2
84,1
84,0
83,3
83,2
83,1
83,0
82,3
82,2
82,1
82,0
81,3
81,2
81,1
81,0
0,470
0,469
0,468
0,467
0,466
0,465
0,464
0,463
0,462
0,461
0,460
0,459
0,458
0,457
50,4
0,456
0,455
0,454
0,453
0,452
0,451
0,450
80,5
80,4
80,3
80,2
80,1
80,0
79,5
79,4
79,3
79,2
79,1
79,0
78,4
78,3
78,2
78,1
78,0
77,5
77,4
77,3
77,2
77,1
77,0
76,3
76,2
76,1
76,0
75,3
75,2
75,1
75,0
74,4
74,3
74,2
74,1
74,0
14,11
73,8
73,7
73,6
73,5
73,4
73,3
73,2
0,449
73,1
73,0
72,5
72,4
72,3
72,2
72,1
72,0
71,6
71,5
71,4
71,3
71,2
71,1
71,0
70,5
70,4
70,3
70,2
70,1
70,0
14,10
69,5
69,4
69,3
69,2
69,1
69,0
14,9
68,4
68,3
68,2
68,1
68,0
14,8
14,7
67,13
67,12
67,11
67,10
67,9
67,8
67,7
67,6
67,5
67,4
67,3
67,2
67,1
67,0
66,5
66,4
66,3
66,2
0,448
66,1
66,0
0,447
0,446
